Container:	  0.007166
API:	  0.148346