Container:	  0.003747
API:	  0.281321